postcasey	ideology	libvote	caseyprov	scmedian
0	.29	1	0	-.0529172
0	.535	1	0	-.0529172
0	-.388	1	0	-.0529172
0	-.388	0	0	-.0529172
0	.535	0	0	-.0529172
0	.29	0	0	-.0529172
0	.625	1	0	.0681376
0	-.388	1	0	.0681376
0	-.24	1	0	.0681376
0	-.257	1	0	.0681376
0	.5275	1	0	.0681376
0	-.235	1	0	.0681376
0	.225	1	0	.0681376
0	.001	1	0	.0681376
0	.535	1	0	.0681376
0	.143	1	0	.1298232
0	-.053	1	0	.1298232
0	.3005	1	0	.210701
0	-.0375	1	0	.210701
0	-.2015	1	0	.210701
0	-.388	0	0	.210701
0	-.24	0	0	.210701
0	.625	0	0	.210701
0	-.137	0	0	.210701
0	.382	0	0	.210701
0	.196	0	0	.210701
0	.379	1	0	.0781752
0	-.297	1	0	.0781752
0	-.297	1	0	.0781752
0	-.297	1	1	.0781752
0	-.297	1	1	.0781752
0	.379	1	1	.0781752
0	.135	0	0	.0781752
0	.2175	0	0	.0781752
0	.2175	0	0	.0781752
0	-.463	1	0	.0781752
0	-.396	1	0	.0781752
0	.379	1	0	.0781752
0	.535	0	0	.0781752
0	-.292	0	0	.0781752
0	-.199	0	0	.0781752
0	.382	1	0	.0781752
0	.3405	1	0	.0781752
0	.196	1	0	.0781752
0	.483	1	1	.0781752
0	-.014	1	1	.0781752
0	.625	1	1	.0781752
0	.5275	0	0	.0781752
0	-.235	0	0	.0781752
0	-.166	0	0	.0781752
0	.593	1	0	.0781752
0	.597	1	0	.0781752
0	.143	1	0	.0781752
0	-.166	1	0	.0781752
0	-.297	1	0	.0781752
0	-.463	1	0	.0781752
0	-.388	1	0	.080053
0	.625	1	0	.080053
0	-.014	1	0	.080053
0	-.463	1	0	.080053
0	-.396	1	0	.080053
0	-.37	0	0	.080053
0	-.058	0	0	.080053
0	.126	0	0	.080053
0	-.257	0	0	.080053
0	-.05	0	0	.080053
0	.2175	0	0	.080053
0	.135	0	0	.080053
0	-.388	1	0	.080053
0	.483	1	0	.080053
0	-.014	1	0	.080053
0	.385	1	0	.080053
0	.143	0	0	.080053
0	.143	1	0	.080053
0	.597	1	0	.080053
0	.143	1	0	.080053
0	.593	0	0	.080053
0	-.053	0	0	.080053
0	.597	1	0	.080053
0	-.053	1	0	.080053
0	.52	0	1	.080053
0	.488	0	1	.080053
0	.225	0	1	.080053
0	-.1375	0	0	.080053
0	-.013	0	0	.080053
0	-.388	0	0	.080053
0	.369	0	0	.080053
0	.2175	0	0	.080053
0	-.166	0	0	.080053
0	-.05	1	1	.080053
0	.2175	1	1	.080053
0	-.166	1	1	.080053
0	.3005	1	0	.080053
0	-.166	1	0	.080053
0	-.0325	1	0	.080053
0	-.137	0	0	.080053
0	.382	0	0	.080053
0	.196	0	0	.080053
0	-.292	0	1	.0564894
0	.203	0	1	.0564894
0	-.422	0	1	.0564894
0	.5275	1	1	.0564894
0	.126	1	1	.0564894
0	-.297	1	1	.0564894
0	.4535	0	1	.0564894
0	-.396	1	1	.0564894
0	-.358	1	0	.0419557
0	-.388	1	0	.0419557
0	-.147	1	0	.0419557
0	.4535	0	0	.0419557
0	-.463	0	0	.0419557
0	-.297	0	0	.0419557
0	-.014	1	0	-.0291639
0	-.014	1	0	-.0291639
0	-.014	1	0	-.0291639
0	.113	1	1	-.0291639
0	-.014	1	1	-.0291639
0	.625	1	1	-.0291639
0	-.358	1	1	-.0291639
0	-.466	1	1	-.0291639
0	-.297	1	1	-.0291639
0	-.235	0	0	-.0291639
0	.307	0	0	-.0291639
0	-.058	0	0	-.0291639
0	-.388	1	0	-.0291639
0	-.358	1	0	-.0291639
0	.3005	1	0	-.0291639
0	.196	0	0	-.0786853
0	.3185	0	0	-.0786853
0	.382	0	0	-.0786853
0	.3185	0	0	-.0786853
0	.382	0	0	-.0786853
0	.196	0	0	-.0786853
0	.625	1	0	-.0786853
0	-.014	1	0	-.0786853
0	-.014	1	0	-.0786853
0	-.014	1	1	-.0786853
0	-.388	1	1	-.0786853
0	.625	1	1	-.0786853
0	.3185	0	1	-.0786853
0	.196	0	1	-.0786853
0	.382	0	1	-.0786853
0	.307	1	1	-.0786853
0	-.235	1	1	-.0786853
0	.3445	1	1	-.0786853
0	.385	1	0	-.0661351
0	.379	1	0	-.0661351
0	-.358	1	0	-.0661351
0	.52	1	0	-.0661351
0	-.297	1	0	-.0661351
0	-.463	1	0	-.0661351
0	-.297	1	0	-.0661351
0	.52	0	0	-.0661351
0	-.463	1	0	-.0661351
0	-.388	1	1	-.0661351
0	.625	1	1	-.0661351
0	.483	1	1	-.0661351
0	.073	1	0	-.0661351
0	.51	1	0	-.0661351
0	.203	1	0	-.0661351
0	-.053	1	0	-.0661351
0	.143	1	0	-.0661351
0	.143	1	0	-.0661351
0	.625	1	0	-.0661351
0	-.014	1	0	-.0661351
0	-.388	1	0	-.0661351
0	.488	0	0	-.0661351
0	.0685	0	0	-.0661351
0	.001	0	0	-.0661351
0	-.147	1	1	-.0661351
0	.37	1	1	-.0661351
0	-.463	1	1	-.0661351
0	.196	0	1	-.0893053
0	.382	1	1	-.0893053
0	.3185	1	1	-.0893053
0	-.417	0	1	-.0893053
0	-.358	0	1	-.0893053
0	-.0375	0	1	-.0893053
0	.51	0	0	-.0893053
0	.203	0	0	-.0893053
0	.073	0	0	-.0893053
0	-.058	1	1	-.0893053
0	.405	0	1	-.0893053
0	.543	1	1	-.0893053
0	-.358	1	1	-.0893053
0	.377	1	1	-.0893053
0	.385	1	1	-.0893053
0	.379	1	0	-.0893053
0	.37	1	0	-.0893053
0	.4535	1	0	-.0893053
0	.135	1	1	-.0893053
0	.135	1	1	-.0893053
0	-.358	1	1	-.0893053
0	.4535	1	0	-.0893053
0	-.358	1	0	-.0893053
0	.37	1	0	-.0893053
0	.385	1	0	-.0893053
0	.377	1	0	-.0893053
0	-.358	1	0	-.0893053
0	.385	0	1	-.0893053
0	.377	0	1	-.0893053
0	-.358	0	1	-.0893053
0	.385	1	0	-.1048309
0	.4535	0	0	-.1048309
0	.377	1	0	-.1048309
0	.369	1	0	-.1048309
0	.104	1	0	-.1048309
0	-.466	1	0	-.1048309
0	.286	1	1	-.1048309
0	-.463	1	1	-.1048309
0	.37	1	1	-.1048309
0	.535	0	1	.0337206
0	-.568	0	1	.0337206
0	.51	0	1	.0337206
0	-.379	0	0	-.1048309
0	.375	0	0	-.1048309
0	-.014	0	0	-.1048309
0	-.358	0	0	.0337206
0	.135	0	0	.0337206
0	.2175	0	0	.0337206
0	.405	1	1	.0337206
0	.543	1	1	.0337206
0	-.058	1	1	.0337206
0	-.388	1	1	.0337206
0	.483	1	1	.0337206
0	-.014	1	1	.0337206
0	.432	0	0	.0337206
0	-.085	0	0	.0337206
0	-.422	0	0	.0337206
0	.51	1	0	.0337206
0	-.053	1	0	.0337206
0	.51	1	0	.0337206
0	.51	0	1	.1203453
0	.51	0	1	.1203453
0	.385	0	1	.1203453
0	.385	0	1	.1203453
0	.51	1	1	.1203453
0	.51	1	1	.1203453
0	.543	1	1	.1203453
0	-.257	1	1	.1203453
0	.307	0	1	.1203453
0	-.257	1	1	.1203453
0	.543	1	1	.1203453
0	.307	0	1	.1203453
0	-.014	1	0	.1203453
0	-.388	1	0	.1203453
0	-.388	1	1	.1203453
0	-.014	1	1	.1203453
0	-.249	0	1	.0959553
0	.52	1	1	.0959553
0	-.014	1	1	.0959553
0	-.358	0	0	.0959553
0	-.166	0	0	.0959553
0	-.346	0	0	.0959553
0	.375	0	0	.0959553
0	.053	0	0	.0959553
0	.625	0	0	.0959553
0	-.568	1	0	.1316511
0	.196	1	0	.1316511
0	.3185	1	0	.1316511
0	-.319	1	0	.1316511
0	-.422	1	0	.1316511
0	-.388	1	0	.1316511
0	.286	0	1	.1316511
0	-.147	0	1	.1316511
0	-.2345	0	1	.1316511
0	-.568	1	1	.1316511
0	.104	1	1	.1316511
0	-.466	1	1	.1316511
0	.543	0	0	.1316511
0	.51	0	0	.1316511
0	-.568	0	0	.1316511
0	.339	1	0	.1316511
0	.225	0	0	.1316511
0	-.15	1	0	.1316511
0	.51	1	0	.1212649
0	.535	1	0	.1212649
0	-.568	1	0	.1212649
0	.3185	0	0	.1212649
0	-.166	0	0	.1212649
0	.382	0	0	.1212649
0	.307	1	0	.1212649
0	-.568	1	0	.1212649
0	-.568	0	0	.1212649
0	-.053	1	1	.1212649
0	.4535	1	1	.1212649
0	.385	1	1	.1212649
0	.51	1	0	.1212649
0	-.053	1	0	.1212649
0	-.0255	1	0	.1212649
0	-.15	1	0	.1786246
0	.053	1	0	.1786246
0	.377	1	0	.1786246
0	-.014	1	1	.1786246
0	-.379	1	1	.1786246
0	-.249	0	1	.1786246
0	.286	0	0	.1786246
0	.37	1	0	.1786246
0	.385	1	0	.1786246
0	-.092	0	1	.1786246
0	-.304	0	1	.1786246
0	.37	0	1	.1786246
0	-.324	0	1	.1786246
0	-.147	0	1	.1786246
0	-.2345	0	1	.1786246
0	.286	0	1	.1786246
0	.4535	0	1	.1786246
0	-.147	0	1	.1786246
0	.385	0	1	.1786246
0	-.257	1	1	.1786246
0	.2275	1	1	.1786246
0	-.568	1	1	.1786246
0	.451	0	1	.2006977
0	.3185	1	1	.2006977
0	.382	1	1	.2006977
0	-.358	0	0	.2006977
0	-.147	0	0	.2006977
0	.37	0	0	.2006977
0	.3185	1	0	.2006977
0	-.012	1	0	.2006977
0	-.568	0	0	.2006977
0	.377	0	0	.2006977
0	.51	0	0	.2006977
0	-.568	0	0	.2006977
0	.053	0	0	.2006977
0	.341	0	0	.2006977
0	-.15	0	0	.2006977
0	.196	1	0	.1331726
0	.3185	1	0	.1331726
0	-.568	0	0	.1331726
0	.451	1	0	.1331726
0	-.012	1	0	.1331726
0	-.147	0	0	.1331726
0	.385	0	0	.1331726
0	-.297	0	0	.1331726
0	-.516	1	0	.1331726
0	.51	1	0	.1331726
0	-.254	0	0	.1331726
0	-.15	0	0	.1812628
0	.225	0	0	.1812628
0	-.15	0	0	.1812628
0	.488	0	0	.1812628
0	-.15	0	0	.1812628
0	.339	0	0	.1812628
0	-.372	0	0	.1812628
0	-.235	0	0	.1812628
0	-.257	0	0	.1812628
0	.0265	0	1	.1812628
0	-.358	0	1	.1812628
0	.135	0	1	.1812628
0	-.487	1	1	.1812628
0	-.013	1	1	.1812628
0	-.581	1	1	.1812628
0	.307	1	1	.1331726
0	-.422	0	1	.1331726
0	-.257	1	1	.1331726
0	.385	0	1	.1812628
0	-.546	0	1	.1812628
0	-.249	0	1	.1812628
0	-.1315	0	0	.0640498
0	.379	0	0	.0640498
0	-.2345	0	0	.0640498
0	-.085	1	0	.0640498
0	.161	1	0	.0640498
0	-.5875	1	0	.0640498
0	-.1315	1	1	.0640498
0	.379	1	1	.0640498
0	-.2345	1	1	.0640498
0	-.568	1	1	.0640498
0	-.372	1	1	.0640498
0	-.568	1	1	.0640498
0	-.5875	1	0	.0640498
0	.161	1	0	.0640498
0	-.085	1	0	.0640498
1	-.3315	0	1	.0640498
1	-.568	0	1	.0640498
1	-.54	0	1	.0640498
1	.543	1	0	.0640498
1	.104	1	0	.0640498
1	-.274	1	0	.0640498
1	-.546	0	1	.0640498
1	.385	0	1	.0640498
1	-.249	0	1	.0640498
1	.51	1	0	.0640498
1	.51	1	0	.0640498
1	.51	1	0	.0640498
1	-.54	0	1	.1006104
1	.104	0	1	.1006104
1	-.466	0	1	.1006104
1	-.568	0	1	.1006104
1	-.372	0	1	.1006104
1	.405	0	1	.1006104
1	-.053	0	1	.1117377
1	-.568	0	1	.1117377
1	-.0255	0	1	.1117377
1	-.147	0	1	.1117377
1	.37	0	1	.1117377
1	-.2345	0	1	.1117377
1	-.2405	1	0	.0872383
1	-.516	1	0	.0872383
1	-.4425	1	0	.0872383
1	.2825	1	0	.0872383
1	-.15	1	0	.0872383
1	-.15	1	0	.0872383
1	-.0255	0	0	.0872383
1	-.546	1	0	.0872383
1	-.568	1	0	.0872383
1	.52	1	1	.0872383
1	-.516	1	1	.0872383
1	.073	1	1	.0872383
1	-.147	1	1	.0872383
1	-.304	1	1	.0872383
1	.286	1	1	.0872383
1	-.304	1	1	.0872383
1	.286	1	1	.0872383
1	-.147	1	1	.0872383
1	-.166	1	0	.0872383
1	-.568	1	0	.0872383
1	-.466	1	0	.0872383
1	.307	1	0	.0602717
1	-.069	1	0	.0602717
1	.275	1	0	.0602717
1	-.417	0	1	.0602717
1	-.388	0	1	.0602717
1	.434	0	1	.0602717
1	-.417	0	1	.0602717
1	.434	0	1	.0602717
1	-.388	0	1	.0602717
1	.432	0	1	.0602717
1	-.319	0	1	.0602717
1	.104	0	1	.0602717
1	.432	1	0	.0602717
1	.161	1	0	.0602717
1	.161	1	0	.0602717
1	.073	1	0	.0602717
1	.52	1	0	.0602717
1	-.516	1	0	.0602717
1	.104	1	1	.0962659
1	.0985	1	1	.0962659
1	.1135	1	1	.0962659
1	-.249	1	1	.0962659
1	-.417	0	1	.0962659
1	.434	0	1	.0962659
1	-.406	0	1	.0962659
1	.275	0	1	.0962659
1	-.546	0	1	.0962659
1	-.568	0	1	.0962659
1	.307	1	0	.0962659
1	-.372	0	0	.0962659
1	.405	1	0	.0962659
1	.456	1	1	.0778621
1	-.254	1	1	.0778621
1	-.2405	1	1	.0778621
1	.379	1	0	.0778621
1	-.307	1	0	.0778621
1	-.2345	1	0	.0778621
1	.294	0	0	.0778621
1	.52	0	0	.0778621
1	-.254	0	0	.0778621
1	-.249	0	0	.0778621
1	-.388	0	0	.0778621
1	.434	0	0	.0778621
1	-.249	0	0	.0778621
1	-.417	0	1	.0778621
1	-.249	0	1	.0778621
1	.4	0	1	.0778621
1	.2715	0	1	.0778621
1	-.417	0	1	.0778621
1	.118	0	1	.0778621
1	-.546	0	1	.0778621
1	-.388	0	1	.0778621
1	-.2565	0	1	.0778621
1	.434	0	1	.0778621
1	-.014	1	0	.0778621
1	-.379	0	0	.0778621
1	-.546	1	0	.0778621
1	.379	0	0	.1074183
1	-.307	0	0	.1074183
1	-.2345	0	0	.1074183
1	-.568	0	1	.1074183
1	-.568	0	1	.1074183
1	.412	0	1	.1074183
1	-.085	1	1	.1074183
1	.353	1	1	.1074183
1	-.581	1	1	.1074183
1	-.568	1	0	.1074183
1	-.329	1	0	.1074183
1	.194	1	0	.1074183
1	-.147	1	0	.0872383
1	-.147	0	0	.0872383
1	.37	1	0	.0872383
1	-.147	0	0	.0872383
1	-.147	1	0	.0872383
1	.37	1	0	.0872383
1	-.249	0	1	.1074183
1	.375	0	1	.1074183
1	-.379	0	1	.1074183
1	.456	1	0	.1074183
1	-.274	0	0	.1074183
1	-.546	1	0	.1074183
1	-.546	1	0	.1074183
1	-.2345	1	0	.1074183
1	-.581	1	0	.1074183
1	-.546	1	0	.1074183
1	-.2345	1	0	.1074183
1	-.581	1	0	.1074183
1	-.546	1	0	.1074183
1	-.2345	1	0	.1074183
1	-.581	1	0	.1074183
1	.143	0	0	.1083447
1	-.546	0	0	.1083447
1	.399	0	0	.1083447
1	.398	1	0	.1083447
1	-.568	1	0	.1083447
1	-.546	1	0	.1083447
1	-.249	1	0	.1083447
1	-.388	1	0	.1083447
1	.434	1	0	.1083447
1	-.417	0	0	.1083447
1	-.581	0	0	.1083447
1	-.546	0	0	.1083447
1	.307	1	0	.0276953
1	.405	1	0	.0276953
1	.456	1	0	.0276953
1	.307	1	0	.0276953
1	.405	1	0	.0276953
1	.456	1	0	.0276953
1	.432	1	0	.0276953
1	-.568	1	0	.0276953
1	.456	1	0	.0276953
1	-.54	0	0	.0276953
1	.456	0	0	.0276953
1	-.274	0	0	.0276953
1	.0985	0	0	.0276953
1	-.568	0	0	.0276953
1	-.358	0	0	.0276953
1	.104	0	0	.0276953
1	-.54	0	0	.0276953
1	-.466	0	0	.0276953
1	-.54	0	0	.0276953
1	-.466	0	0	.0276953
1	-.546	0	0	.0276953
1	-.3315	0	0	.0276953
1	.456	0	0	.0276953
1	-.54	1	0	.0276953
1	.0985	1	0	.0276953
1	-.546	1	0	.0276953
1	.4365	1	0	.0276953
1	-.546	1	0	.0276953
1	-.014	1	0	.0276953
1	-.379	1	0	.0276953
1	-.014	1	0	.0276953
1	-.249	1	0	.0276953
1	-.379	1	0	.0276953
1	.357	1	0	.0276953
1	.4	1	0	.0276953
1	-.568	1	0	.0276953
1	-.379	1	0	.0276953
1	-.249	1	0	.0276953
1	-.014	1	0	.0276953
1	.4	1	0	.0276953
1	.4365	1	0	.0276953
1	-.014	1	0	.0276953
1	-.568	1	0	.0276953
1	.357	1	0	.0276953
1	-.379	1	0	.0276953
1	-.546	1	0	.0276953
1	-.254	0	1	-.0234522
1	.456	1	1	-.0234522
1	.456	1	1	-.0234522
1	.184	0	1	-.0234522
1	.543	0	1	-.0234522
1	-.546	0	1	-.0234522
1	.341	0	0	-.0234522
1	.341	0	0	-.0234522
1	-.15	0	0	-.0234522
1	-.249	0	1	-.0234522
1	.4	0	1	-.0234522
1	-.568	0	1	-.0234522
1	.432	0	1	-.0234522
1	.385	0	1	-.0234522
1	.343	0	1	-.0234522
1	-.568	0	0	-.0468995
1	.432	0	0	-.0468995
1	-.546	0	0	-.0468995
1	-.014	1	1	-.0554263
1	-.379	0	1	-.0554263
1	.357	1	1	-.0554263
1	-.466	0	0	-.0554263
1	.0985	0	0	-.0554263
1	-.392	0	0	-.0554263
1	.353	1	1	-.0554263
1	.353	1	1	-.0554263
1	.161	1	1	-.0554263
1	-.332	0	0	-.0554263
1	-.546	0	0	-.0554263
1	-.47	0	0	-.0554263
1	.3	1	1	-.0554263
1	.161	1	1	-.0554263
1	.2395	1	1	-.0554263
1	.161	1	1	-.0554263
1	.353	1	1	-.0554263
1	.353	1	1	-.0554263
1	-.516	0	1	-.0554263
1	-.3915	0	1	-.0554263
1	.456	0	1	-.0554263
1	-.546	1	1	-.0554263
1	-.568	1	1	-.0554263
1	.432	1	1	-.0554263
1	-.466	0	0	-.0692779
1	-.47	0	0	-.0692779
1	-.358	0	0	-.0692779
1	-.546	0	0	-.0692779
1	.4	1	0	-.0692779
1	.2715	1	0	-.0692779
1	.245	1	0	-.0692779
1	-.304	1	0	-.0692779
1	-.1315	1	0	-.0692779
1	.456	0	1	-.0692779
1	-.3915	0	1	-.0692779
1	-.516	0	1	-.0692779
1	.343	0	0	-.0692779
1	.2395	0	0	-.0692779
1	.161	0	0	-.0692779
1	-.1315	0	1	-.0692779
1	.245	0	1	-.0692779
1	-.304	0	1	-.0692779
1	-.1315	1	0	-.0692779
1	.245	1	0	-.0692779
1	-.304	1	0	-.0692779
